{
 "cells": [
  {
   "cell_type": "markdown",
   "id": "f799b1ff",
   "metadata": {},
   "source": [
    "# Name : Gaurav Mathur\n",
    "# Roll Number : D21014\n",
    "# Name : Kiran GJ\n",
    "# Roll Number : D21017"
   ]
  },
  {
   "cell_type": "markdown",
   "id": "e52c00b5",
   "metadata": {},
   "source": [
    "# What  is the problem?\n",
    "\n"
   ]
  },
  {
   "cell_type": "markdown",
   "id": "5ae9c1c3",
   "metadata": {},
   "source": [
    "Here we are given data sets for training and testing.Since the dataset Mainly Revolves on the Housing Prices along with certain attributes for prediction in the dataset.The Training set consists of 9761 records. The task is to find the best possible fitting model either in linear regression using cv score and on the Decision Tree  which has highest accuracy score from the dataset.Multiple linear Regression models and Decision Trees are built for the better accuracy.\n"
   ]
  },
  {
   "cell_type": "code",
   "execution_count": null,
   "id": "6379e95a",
   "metadata": {},
   "outputs": [],
   "source": [
    "# Importing the libraries Necessary for the datasets and visualisation"
   ]
  },
  {
   "cell_type": "code",
   "execution_count": 1,
   "id": "ef214e8f",
   "metadata": {},
   "outputs": [],
   "source": [
    "import numpy as np\n",
    "import pandas as pd\n",
    "import os\n",
    "import matplotlib.pyplot as plt\n",
    "import seaborn as sns\n",
    "pd.pandas.set_option('display.max_columns',None)"
   ]
  },
  {
   "cell_type": "markdown",
   "id": "6cea88af",
   "metadata": {},
   "source": [
    "# 1 Initial Hypothesis :\n",
    "    More the number of bedrooms  Higher the price\n",
    "    More sqft_living Area Higher the price\n",
    "    if the waterfront is there Higher the price\n",
    "    More the  basement area  size higher the price\n",
    "    More the number of bathrooms More would be the price of a House \n",
    "    More the sqft_livin15 more will be the  price\n",
    "    More the sqft_lot15 there will be increase in the price\n"
   ]
  },
  {
   "cell_type": "code",
   "execution_count": null,
   "id": "0a5e42d7",
   "metadata": {},
   "outputs": [],
   "source": [
    "# Loading the train data set for the analysis"
   ]
  },
  {
   "cell_type": "code",
   "execution_count": 2,
   "id": "e2c44125",
   "metadata": {},
   "outputs": [],
   "source": [
    "train = pd.read_csv('traindata.csv')\n"
   ]
  },
  {
   "cell_type": "code",
   "execution_count": 3,
   "id": "1296a8a9",
   "metadata": {
    "scrolled": false
   },
   "outputs": [
    {
     "data": {
      "text/html": [
       "<div>\n",
       "<style scoped>\n",
       "    .dataframe tbody tr th:only-of-type {\n",
       "        vertical-align: middle;\n",
       "    }\n",
       "\n",
       "    .dataframe tbody tr th {\n",
       "        vertical-align: top;\n",
       "    }\n",
       "\n",
       "    .dataframe thead th {\n",
       "        text-align: right;\n",
       "    }\n",
       "</style>\n",
       "<table border=\"1\" class=\"dataframe\">\n",
       "  <thead>\n",
       "    <tr style=\"text-align: right;\">\n",
       "      <th></th>\n",
       "      <th>id</th>\n",
       "      <th>date</th>\n",
       "      <th>price</th>\n",
       "      <th>bedrooms</th>\n",
       "      <th>bathrooms</th>\n",
       "      <th>sqft_living</th>\n",
       "      <th>sqft_lot</th>\n",
       "      <th>floors</th>\n",
       "      <th>waterfront</th>\n",
       "      <th>view</th>\n",
       "      <th>condition</th>\n",
       "      <th>grade</th>\n",
       "      <th>sqft_above</th>\n",
       "      <th>sqft_basement</th>\n",
       "      <th>yr_built</th>\n",
       "      <th>yr_renovated</th>\n",
       "      <th>zipcode</th>\n",
       "      <th>lat</th>\n",
       "      <th>long</th>\n",
       "      <th>sqft_living15</th>\n",
       "      <th>sqft_lot15</th>\n",
       "    </tr>\n",
       "  </thead>\n",
       "  <tbody>\n",
       "    <tr>\n",
       "      <th>0</th>\n",
       "      <td>2487200875</td>\n",
       "      <td>20141209T000000</td>\n",
       "      <td>604000.0</td>\n",
       "      <td>4</td>\n",
       "      <td>3.00</td>\n",
       "      <td>1960</td>\n",
       "      <td>5000</td>\n",
       "      <td>1.0</td>\n",
       "      <td>0</td>\n",
       "      <td>0</td>\n",
       "      <td>5</td>\n",
       "      <td>7</td>\n",
       "      <td>1050</td>\n",
       "      <td>910</td>\n",
       "      <td>1965</td>\n",
       "      <td>0</td>\n",
       "      <td>98136</td>\n",
       "      <td>47.5208</td>\n",
       "      <td>-122.393</td>\n",
       "      <td>1360</td>\n",
       "      <td>5000</td>\n",
       "    </tr>\n",
       "    <tr>\n",
       "      <th>1</th>\n",
       "      <td>7237550310</td>\n",
       "      <td>20140512T000000</td>\n",
       "      <td>1230000.0</td>\n",
       "      <td>4</td>\n",
       "      <td>4.50</td>\n",
       "      <td>5420</td>\n",
       "      <td>101930</td>\n",
       "      <td>1.0</td>\n",
       "      <td>0</td>\n",
       "      <td>0</td>\n",
       "      <td>3</td>\n",
       "      <td>11</td>\n",
       "      <td>3890</td>\n",
       "      <td>1530</td>\n",
       "      <td>2001</td>\n",
       "      <td>0</td>\n",
       "      <td>98053</td>\n",
       "      <td>47.6561</td>\n",
       "      <td>-122.005</td>\n",
       "      <td>4760</td>\n",
       "      <td>101930</td>\n",
       "    </tr>\n",
       "    <tr>\n",
       "      <th>2</th>\n",
       "      <td>9212900260</td>\n",
       "      <td>20140527T000000</td>\n",
       "      <td>468000.0</td>\n",
       "      <td>2</td>\n",
       "      <td>1.00</td>\n",
       "      <td>1160</td>\n",
       "      <td>6000</td>\n",
       "      <td>1.0</td>\n",
       "      <td>0</td>\n",
       "      <td>0</td>\n",
       "      <td>4</td>\n",
       "      <td>7</td>\n",
       "      <td>860</td>\n",
       "      <td>300</td>\n",
       "      <td>1942</td>\n",
       "      <td>0</td>\n",
       "      <td>98115</td>\n",
       "      <td>47.6900</td>\n",
       "      <td>-122.292</td>\n",
       "      <td>1330</td>\n",
       "      <td>6000</td>\n",
       "    </tr>\n",
       "    <tr>\n",
       "      <th>3</th>\n",
       "      <td>114101516</td>\n",
       "      <td>20140528T000000</td>\n",
       "      <td>310000.0</td>\n",
       "      <td>3</td>\n",
       "      <td>1.00</td>\n",
       "      <td>1430</td>\n",
       "      <td>19901</td>\n",
       "      <td>1.5</td>\n",
       "      <td>0</td>\n",
       "      <td>0</td>\n",
       "      <td>4</td>\n",
       "      <td>7</td>\n",
       "      <td>1430</td>\n",
       "      <td>0</td>\n",
       "      <td>1927</td>\n",
       "      <td>0</td>\n",
       "      <td>98028</td>\n",
       "      <td>47.7558</td>\n",
       "      <td>-122.229</td>\n",
       "      <td>1780</td>\n",
       "      <td>12697</td>\n",
       "    </tr>\n",
       "    <tr>\n",
       "      <th>4</th>\n",
       "      <td>6054650070</td>\n",
       "      <td>20141007T000000</td>\n",
       "      <td>400000.0</td>\n",
       "      <td>3</td>\n",
       "      <td>1.75</td>\n",
       "      <td>1370</td>\n",
       "      <td>9680</td>\n",
       "      <td>1.0</td>\n",
       "      <td>0</td>\n",
       "      <td>0</td>\n",
       "      <td>4</td>\n",
       "      <td>7</td>\n",
       "      <td>1370</td>\n",
       "      <td>0</td>\n",
       "      <td>1977</td>\n",
       "      <td>0</td>\n",
       "      <td>98074</td>\n",
       "      <td>47.6127</td>\n",
       "      <td>-122.045</td>\n",
       "      <td>1370</td>\n",
       "      <td>10208</td>\n",
       "    </tr>\n",
       "  </tbody>\n",
       "</table>\n",
       "</div>"
      ],
      "text/plain": [
       "           id             date      price  bedrooms  bathrooms  sqft_living  \\\n",
       "0  2487200875  20141209T000000   604000.0         4       3.00         1960   \n",
       "1  7237550310  20140512T000000  1230000.0         4       4.50         5420   \n",
       "2  9212900260  20140527T000000   468000.0         2       1.00         1160   \n",
       "3   114101516  20140528T000000   310000.0         3       1.00         1430   \n",
       "4  6054650070  20141007T000000   400000.0         3       1.75         1370   \n",
       "\n",
       "   sqft_lot  floors  waterfront  view  condition  grade  sqft_above  \\\n",
       "0      5000     1.0           0     0          5      7        1050   \n",
       "1    101930     1.0           0     0          3     11        3890   \n",
       "2      6000     1.0           0     0          4      7         860   \n",
       "3     19901     1.5           0     0          4      7        1430   \n",
       "4      9680     1.0           0     0          4      7        1370   \n",
       "\n",
       "   sqft_basement  yr_built  yr_renovated  zipcode      lat     long  \\\n",
       "0            910      1965             0    98136  47.5208 -122.393   \n",
       "1           1530      2001             0    98053  47.6561 -122.005   \n",
       "2            300      1942             0    98115  47.6900 -122.292   \n",
       "3              0      1927             0    98028  47.7558 -122.229   \n",
       "4              0      1977             0    98074  47.6127 -122.045   \n",
       "\n",
       "   sqft_living15  sqft_lot15  \n",
       "0           1360        5000  \n",
       "1           4760      101930  \n",
       "2           1330        6000  \n",
       "3           1780       12697  \n",
       "4           1370       10208  "
      ]
     },
     "execution_count": 3,
     "metadata": {},
     "output_type": "execute_result"
    }
   ],
   "source": [
    "train.head(5)"
   ]
  },
  {
   "cell_type": "markdown",
   "id": "f4c39761",
   "metadata": {},
   "source": [
    "# 2 EDA "
   ]
  },
  {
   "cell_type": "code",
   "execution_count": 180,
   "id": "a08f5aad",
   "metadata": {},
   "outputs": [
    {
     "data": {
      "text/plain": [
       "(302591, (9761, 31))"
      ]
     },
     "execution_count": 180,
     "metadata": {},
     "output_type": "execute_result"
    }
   ],
   "source": [
    "# These functions are used for finding the length,breath & Overall Dimension of the data set. \n",
    "train.size,train.shape"
   ]
  },
  {
   "cell_type": "code",
   "execution_count": 4,
   "id": "159fb4e4",
   "metadata": {},
   "outputs": [
    {
     "data": {
      "text/plain": [
       "Index(['id', 'date', 'price', 'bedrooms', 'bathrooms', 'sqft_living',\n",
       "       'sqft_lot', 'floors', 'waterfront', 'view', 'condition', 'grade',\n",
       "       'sqft_above', 'sqft_basement', 'yr_built', 'yr_renovated', 'zipcode',\n",
       "       'lat', 'long', 'sqft_living15', 'sqft_lot15'],\n",
       "      dtype='object')"
      ]
     },
     "execution_count": 4,
     "metadata": {},
     "output_type": "execute_result"
    }
   ],
   "source": [
    "# This function helps in finding the overview of the data set  \n",
    "train.columns"
   ]
  },
  {
   "cell_type": "code",
   "execution_count": 5,
   "id": "76fe8560",
   "metadata": {},
   "outputs": [],
   "source": [
    "##These columns are  redundant for the modelling as these do not rence to the data set\n",
    "train = train.drop(columns =['id','date','lat','long'])"
   ]
  },
  {
   "cell_type": "code",
   "execution_count": 6,
   "id": "b82680fb",
   "metadata": {},
   "outputs": [
    {
     "data": {
      "text/html": [
       "<div>\n",
       "<style scoped>\n",
       "    .dataframe tbody tr th:only-of-type {\n",
       "        vertical-align: middle;\n",
       "    }\n",
       "\n",
       "    .dataframe tbody tr th {\n",
       "        vertical-align: top;\n",
       "    }\n",
       "\n",
       "    .dataframe thead th {\n",
       "        text-align: right;\n",
       "    }\n",
       "</style>\n",
       "<table border=\"1\" class=\"dataframe\">\n",
       "  <thead>\n",
       "    <tr style=\"text-align: right;\">\n",
       "      <th></th>\n",
       "      <th>price</th>\n",
       "      <th>bedrooms</th>\n",
       "      <th>bathrooms</th>\n",
       "      <th>sqft_living</th>\n",
       "      <th>sqft_lot</th>\n",
       "      <th>floors</th>\n",
       "      <th>waterfront</th>\n",
       "      <th>view</th>\n",
       "      <th>condition</th>\n",
       "      <th>grade</th>\n",
       "      <th>sqft_above</th>\n",
       "      <th>sqft_basement</th>\n",
       "      <th>yr_built</th>\n",
       "      <th>yr_renovated</th>\n",
       "      <th>zipcode</th>\n",
       "      <th>sqft_living15</th>\n",
       "      <th>sqft_lot15</th>\n",
       "    </tr>\n",
       "  </thead>\n",
       "  <tbody>\n",
       "    <tr>\n",
       "      <th>0</th>\n",
       "      <td>604000.0</td>\n",
       "      <td>4</td>\n",
       "      <td>3.00</td>\n",
       "      <td>1960</td>\n",
       "      <td>5000</td>\n",
       "      <td>1.0</td>\n",
       "      <td>0</td>\n",
       "      <td>0</td>\n",
       "      <td>5</td>\n",
       "      <td>7</td>\n",
       "      <td>1050</td>\n",
       "      <td>910</td>\n",
       "      <td>1965</td>\n",
       "      <td>0</td>\n",
       "      <td>98136</td>\n",
       "      <td>1360</td>\n",
       "      <td>5000</td>\n",
       "    </tr>\n",
       "    <tr>\n",
       "      <th>1</th>\n",
       "      <td>1230000.0</td>\n",
       "      <td>4</td>\n",
       "      <td>4.50</td>\n",
       "      <td>5420</td>\n",
       "      <td>101930</td>\n",
       "      <td>1.0</td>\n",
       "      <td>0</td>\n",
       "      <td>0</td>\n",
       "      <td>3</td>\n",
       "      <td>11</td>\n",
       "      <td>3890</td>\n",
       "      <td>1530</td>\n",
       "      <td>2001</td>\n",
       "      <td>0</td>\n",
       "      <td>98053</td>\n",
       "      <td>4760</td>\n",
       "      <td>101930</td>\n",
       "    </tr>\n",
       "    <tr>\n",
       "      <th>2</th>\n",
       "      <td>468000.0</td>\n",
       "      <td>2</td>\n",
       "      <td>1.00</td>\n",
       "      <td>1160</td>\n",
       "      <td>6000</td>\n",
       "      <td>1.0</td>\n",
       "      <td>0</td>\n",
       "      <td>0</td>\n",
       "      <td>4</td>\n",
       "      <td>7</td>\n",
       "      <td>860</td>\n",
       "      <td>300</td>\n",
       "      <td>1942</td>\n",
       "      <td>0</td>\n",
       "      <td>98115</td>\n",
       "      <td>1330</td>\n",
       "      <td>6000</td>\n",
       "    </tr>\n",
       "    <tr>\n",
       "      <th>3</th>\n",
       "      <td>310000.0</td>\n",
       "      <td>3</td>\n",
       "      <td>1.00</td>\n",
       "      <td>1430</td>\n",
       "      <td>19901</td>\n",
       "      <td>1.5</td>\n",
       "      <td>0</td>\n",
       "      <td>0</td>\n",
       "      <td>4</td>\n",
       "      <td>7</td>\n",
       "      <td>1430</td>\n",
       "      <td>0</td>\n",
       "      <td>1927</td>\n",
       "      <td>0</td>\n",
       "      <td>98028</td>\n",
       "      <td>1780</td>\n",
       "      <td>12697</td>\n",
       "    </tr>\n",
       "    <tr>\n",
       "      <th>4</th>\n",
       "      <td>400000.0</td>\n",
       "      <td>3</td>\n",
       "      <td>1.75</td>\n",
       "      <td>1370</td>\n",
       "      <td>9680</td>\n",
       "      <td>1.0</td>\n",
       "      <td>0</td>\n",
       "      <td>0</td>\n",
       "      <td>4</td>\n",
       "      <td>7</td>\n",
       "      <td>1370</td>\n",
       "      <td>0</td>\n",
       "      <td>1977</td>\n",
       "      <td>0</td>\n",
       "      <td>98074</td>\n",
       "      <td>1370</td>\n",
       "      <td>10208</td>\n",
       "    </tr>\n",
       "  </tbody>\n",
       "</table>\n",
       "</div>"
      ],
      "text/plain": [
       "       price  bedrooms  bathrooms  sqft_living  sqft_lot  floors  waterfront  \\\n",
       "0   604000.0         4       3.00         1960      5000     1.0           0   \n",
       "1  1230000.0         4       4.50         5420    101930     1.0           0   \n",
       "2   468000.0         2       1.00         1160      6000     1.0           0   \n",
       "3   310000.0         3       1.00         1430     19901     1.5           0   \n",
       "4   400000.0         3       1.75         1370      9680     1.0           0   \n",
       "\n",
       "   view  condition  grade  sqft_above  sqft_basement  yr_built  yr_renovated  \\\n",
       "0     0          5      7        1050            910      1965             0   \n",
       "1     0          3     11        3890           1530      2001             0   \n",
       "2     0          4      7         860            300      1942             0   \n",
       "3     0          4      7        1430              0      1927             0   \n",
       "4     0          4      7        1370              0      1977             0   \n",
       "\n",
       "   zipcode  sqft_living15  sqft_lot15  \n",
       "0    98136           1360        5000  \n",
       "1    98053           4760      101930  \n",
       "2    98115           1330        6000  \n",
       "3    98028           1780       12697  \n",
       "4    98074           1370       10208  "
      ]
     },
     "execution_count": 6,
     "metadata": {},
     "output_type": "execute_result"
    }
   ],
   "source": [
    "train.head()"
   ]
  },
  {
   "cell_type": "code",
   "execution_count": 7,
   "id": "862faf8a",
   "metadata": {},
   "outputs": [
    {
     "data": {
      "text/plain": [
       "price            0\n",
       "bedrooms         0\n",
       "bathrooms        0\n",
       "sqft_living      0\n",
       "sqft_lot         0\n",
       "floors           0\n",
       "waterfront       0\n",
       "view             0\n",
       "condition        0\n",
       "grade            0\n",
       "sqft_above       0\n",
       "sqft_basement    0\n",
       "yr_built         0\n",
       "yr_renovated     0\n",
       "zipcode          0\n",
       "sqft_living15    0\n",
       "sqft_lot15       0\n",
       "dtype: int64"
      ]
     },
     "execution_count": 7,
     "metadata": {},
     "output_type": "execute_result"
    }
   ],
   "source": [
    "##Checking the null values.Since the Null values  affect the perfromance of a linear regression model   \n",
    "train.isnull().sum()"
   ]
  },
  {
   "cell_type": "code",
   "execution_count": 8,
   "id": "4d59d227",
   "metadata": {},
   "outputs": [
    {
     "data": {
      "text/plain": [
       "array([ 4,  2,  3,  5,  6,  1,  7,  8,  9,  0, 11, 10, 33], dtype=int64)"
      ]
     },
     "execution_count": 8,
     "metadata": {},
     "output_type": "execute_result"
    }
   ],
   "source": [
    "# Unique function\n",
    "train.bedrooms.unique()"
   ]
  },
  {
   "cell_type": "code",
   "execution_count": 9,
   "id": "f2dcd910",
   "metadata": {},
   "outputs": [
    {
     "data": {
      "text/html": [
       "<div>\n",
       "<style scoped>\n",
       "    .dataframe tbody tr th:only-of-type {\n",
       "        vertical-align: middle;\n",
       "    }\n",
       "\n",
       "    .dataframe tbody tr th {\n",
       "        vertical-align: top;\n",
       "    }\n",
       "\n",
       "    .dataframe thead th {\n",
       "        text-align: right;\n",
       "    }\n",
       "</style>\n",
       "<table border=\"1\" class=\"dataframe\">\n",
       "  <thead>\n",
       "    <tr style=\"text-align: right;\">\n",
       "      <th></th>\n",
       "      <th>price</th>\n",
       "      <th>bedrooms</th>\n",
       "      <th>bathrooms</th>\n",
       "      <th>sqft_living</th>\n",
       "      <th>sqft_lot</th>\n",
       "      <th>floors</th>\n",
       "      <th>waterfront</th>\n",
       "      <th>view</th>\n",
       "      <th>condition</th>\n",
       "      <th>grade</th>\n",
       "      <th>sqft_above</th>\n",
       "      <th>sqft_basement</th>\n",
       "      <th>yr_built</th>\n",
       "      <th>yr_renovated</th>\n",
       "      <th>zipcode</th>\n",
       "      <th>sqft_living15</th>\n",
       "      <th>sqft_lot15</th>\n",
       "    </tr>\n",
       "  </thead>\n",
       "  <tbody>\n",
       "    <tr>\n",
       "      <th>price</th>\n",
       "      <td>1.000000</td>\n",
       "      <td>0.300777</td>\n",
       "      <td>0.527512</td>\n",
       "      <td>0.705044</td>\n",
       "      <td>0.094146</td>\n",
       "      <td>0.262955</td>\n",
       "      <td>0.274953</td>\n",
       "      <td>0.399711</td>\n",
       "      <td>0.044754</td>\n",
       "      <td>0.665594</td>\n",
       "      <td>0.611450</td>\n",
       "      <td>0.322369</td>\n",
       "      <td>0.051737</td>\n",
       "      <td>0.120439</td>\n",
       "      <td>-0.055619</td>\n",
       "      <td>0.584829</td>\n",
       "      <td>0.077960</td>\n",
       "    </tr>\n",
       "    <tr>\n",
       "      <th>bedrooms</th>\n",
       "      <td>0.300777</td>\n",
       "      <td>1.000000</td>\n",
       "      <td>0.506070</td>\n",
       "      <td>0.560989</td>\n",
       "      <td>0.028895</td>\n",
       "      <td>0.181042</td>\n",
       "      <td>-0.006803</td>\n",
       "      <td>0.079863</td>\n",
       "      <td>0.036135</td>\n",
       "      <td>0.342305</td>\n",
       "      <td>0.462514</td>\n",
       "      <td>0.301829</td>\n",
       "      <td>0.155102</td>\n",
       "      <td>0.018625</td>\n",
       "      <td>-0.148339</td>\n",
       "      <td>0.376457</td>\n",
       "      <td>0.018149</td>\n",
       "    </tr>\n",
       "    <tr>\n",
       "      <th>bathrooms</th>\n",
       "      <td>0.527512</td>\n",
       "      <td>0.506070</td>\n",
       "      <td>1.000000</td>\n",
       "      <td>0.758930</td>\n",
       "      <td>0.079435</td>\n",
       "      <td>0.501899</td>\n",
       "      <td>0.061483</td>\n",
       "      <td>0.182988</td>\n",
       "      <td>-0.115382</td>\n",
       "      <td>0.660925</td>\n",
       "      <td>0.692911</td>\n",
       "      <td>0.281433</td>\n",
       "      <td>0.499589</td>\n",
       "      <td>0.044756</td>\n",
       "      <td>-0.201454</td>\n",
       "      <td>0.566076</td>\n",
       "      <td>0.068722</td>\n",
       "    </tr>\n",
       "    <tr>\n",
       "      <th>sqft_living</th>\n",
       "      <td>0.705044</td>\n",
       "      <td>0.560989</td>\n",
       "      <td>0.758930</td>\n",
       "      <td>1.000000</td>\n",
       "      <td>0.162786</td>\n",
       "      <td>0.366219</td>\n",
       "      <td>0.097203</td>\n",
       "      <td>0.285735</td>\n",
       "      <td>-0.047938</td>\n",
       "      <td>0.764819</td>\n",
       "      <td>0.878989</td>\n",
       "      <td>0.435069</td>\n",
       "      <td>0.322723</td>\n",
       "      <td>0.043627</td>\n",
       "      <td>-0.203761</td>\n",
       "      <td>0.758081</td>\n",
       "      <td>0.163545</td>\n",
       "    </tr>\n",
       "    <tr>\n",
       "      <th>sqft_lot</th>\n",
       "      <td>0.094146</td>\n",
       "      <td>0.028895</td>\n",
       "      <td>0.079435</td>\n",
       "      <td>0.162786</td>\n",
       "      <td>1.000000</td>\n",
       "      <td>-0.003543</td>\n",
       "      <td>0.029420</td>\n",
       "      <td>0.099221</td>\n",
       "      <td>-0.008722</td>\n",
       "      <td>0.115611</td>\n",
       "      <td>0.180913</td>\n",
       "      <td>-0.000601</td>\n",
       "      <td>0.054043</td>\n",
       "      <td>0.001219</td>\n",
       "      <td>-0.126091</td>\n",
       "      <td>0.145285</td>\n",
       "      <td>0.719922</td>\n",
       "    </tr>\n",
       "    <tr>\n",
       "      <th>floors</th>\n",
       "      <td>0.262955</td>\n",
       "      <td>0.181042</td>\n",
       "      <td>0.501899</td>\n",
       "      <td>0.366219</td>\n",
       "      <td>-0.003543</td>\n",
       "      <td>1.000000</td>\n",
       "      <td>0.022443</td>\n",
       "      <td>0.031938</td>\n",
       "      <td>-0.265390</td>\n",
       "      <td>0.461545</td>\n",
       "      <td>0.534801</td>\n",
       "      <td>-0.242675</td>\n",
       "      <td>0.481926</td>\n",
       "      <td>0.013655</td>\n",
       "      <td>-0.064479</td>\n",
       "      <td>0.289238</td>\n",
       "      <td>-0.013269</td>\n",
       "    </tr>\n",
       "    <tr>\n",
       "      <th>waterfront</th>\n",
       "      <td>0.274953</td>\n",
       "      <td>-0.006803</td>\n",
       "      <td>0.061483</td>\n",
       "      <td>0.097203</td>\n",
       "      <td>0.029420</td>\n",
       "      <td>0.022443</td>\n",
       "      <td>1.000000</td>\n",
       "      <td>0.402725</td>\n",
       "      <td>0.024030</td>\n",
       "      <td>0.088039</td>\n",
       "      <td>0.064297</td>\n",
       "      <td>0.082214</td>\n",
       "      <td>-0.027010</td>\n",
       "      <td>0.101684</td>\n",
       "      <td>0.023656</td>\n",
       "      <td>0.097196</td>\n",
       "      <td>0.028499</td>\n",
       "    </tr>\n",
       "    <tr>\n",
       "      <th>view</th>\n",
       "      <td>0.399711</td>\n",
       "      <td>0.079863</td>\n",
       "      <td>0.182988</td>\n",
       "      <td>0.285735</td>\n",
       "      <td>0.099221</td>\n",
       "      <td>0.031938</td>\n",
       "      <td>0.402725</td>\n",
       "      <td>1.000000</td>\n",
       "      <td>0.059969</td>\n",
       "      <td>0.258123</td>\n",
       "      <td>0.170286</td>\n",
       "      <td>0.277021</td>\n",
       "      <td>-0.056361</td>\n",
       "      <td>0.109750</td>\n",
       "      <td>0.075834</td>\n",
       "      <td>0.292435</td>\n",
       "      <td>0.079904</td>\n",
       "    </tr>\n",
       "    <tr>\n",
       "      <th>condition</th>\n",
       "      <td>0.044754</td>\n",
       "      <td>0.036135</td>\n",
       "      <td>-0.115382</td>\n",
       "      <td>-0.047938</td>\n",
       "      <td>-0.008722</td>\n",
       "      <td>-0.265390</td>\n",
       "      <td>0.024030</td>\n",
       "      <td>0.059969</td>\n",
       "      <td>1.000000</td>\n",
       "      <td>-0.133313</td>\n",
       "      <td>-0.153713</td>\n",
       "      <td>0.189828</td>\n",
       "      <td>-0.357396</td>\n",
       "      <td>-0.055525</td>\n",
       "      <td>0.003410</td>\n",
       "      <td>-0.080423</td>\n",
       "      <td>0.002253</td>\n",
       "    </tr>\n",
       "    <tr>\n",
       "      <th>grade</th>\n",
       "      <td>0.665594</td>\n",
       "      <td>0.342305</td>\n",
       "      <td>0.660925</td>\n",
       "      <td>0.764819</td>\n",
       "      <td>0.115611</td>\n",
       "      <td>0.461545</td>\n",
       "      <td>0.088039</td>\n",
       "      <td>0.258123</td>\n",
       "      <td>-0.133313</td>\n",
       "      <td>1.000000</td>\n",
       "      <td>0.756226</td>\n",
       "      <td>0.174216</td>\n",
       "      <td>0.447817</td>\n",
       "      <td>0.013053</td>\n",
       "      <td>-0.187340</td>\n",
       "      <td>0.717835</td>\n",
       "      <td>0.118618</td>\n",
       "    </tr>\n",
       "    <tr>\n",
       "      <th>sqft_above</th>\n",
       "      <td>0.611450</td>\n",
       "      <td>0.462514</td>\n",
       "      <td>0.692911</td>\n",
       "      <td>0.878989</td>\n",
       "      <td>0.180913</td>\n",
       "      <td>0.534801</td>\n",
       "      <td>0.064297</td>\n",
       "      <td>0.170286</td>\n",
       "      <td>-0.153713</td>\n",
       "      <td>0.756226</td>\n",
       "      <td>1.000000</td>\n",
       "      <td>-0.046926</td>\n",
       "      <td>0.426642</td>\n",
       "      <td>0.014654</td>\n",
       "      <td>-0.264223</td>\n",
       "      <td>0.726505</td>\n",
       "      <td>0.185507</td>\n",
       "    </tr>\n",
       "    <tr>\n",
       "      <th>sqft_basement</th>\n",
       "      <td>0.322369</td>\n",
       "      <td>0.301829</td>\n",
       "      <td>0.281433</td>\n",
       "      <td>0.435069</td>\n",
       "      <td>-0.000601</td>\n",
       "      <td>-0.242675</td>\n",
       "      <td>0.082214</td>\n",
       "      <td>0.277021</td>\n",
       "      <td>0.189828</td>\n",
       "      <td>0.174216</td>\n",
       "      <td>-0.046926</td>\n",
       "      <td>1.000000</td>\n",
       "      <td>-0.129559</td>\n",
       "      <td>0.063719</td>\n",
       "      <td>0.072077</td>\n",
       "      <td>0.216220</td>\n",
       "      <td>-0.007685</td>\n",
       "    </tr>\n",
       "    <tr>\n",
       "      <th>yr_built</th>\n",
       "      <td>0.051737</td>\n",
       "      <td>0.155102</td>\n",
       "      <td>0.499589</td>\n",
       "      <td>0.322723</td>\n",
       "      <td>0.054043</td>\n",
       "      <td>0.481926</td>\n",
       "      <td>-0.027010</td>\n",
       "      <td>-0.056361</td>\n",
       "      <td>-0.357396</td>\n",
       "      <td>0.447817</td>\n",
       "      <td>0.426642</td>\n",
       "      <td>-0.129559</td>\n",
       "      <td>1.000000</td>\n",
       "      <td>-0.228349</td>\n",
       "      <td>-0.353613</td>\n",
       "      <td>0.326390</td>\n",
       "      <td>0.072152</td>\n",
       "    </tr>\n",
       "    <tr>\n",
       "      <th>yr_renovated</th>\n",
       "      <td>0.120439</td>\n",
       "      <td>0.018625</td>\n",
       "      <td>0.044756</td>\n",
       "      <td>0.043627</td>\n",
       "      <td>0.001219</td>\n",
       "      <td>0.013655</td>\n",
       "      <td>0.101684</td>\n",
       "      <td>0.109750</td>\n",
       "      <td>-0.055525</td>\n",
       "      <td>0.013053</td>\n",
       "      <td>0.014654</td>\n",
       "      <td>0.063719</td>\n",
       "      <td>-0.228349</td>\n",
       "      <td>1.000000</td>\n",
       "      <td>0.066908</td>\n",
       "      <td>-0.003618</td>\n",
       "      <td>-0.007260</td>\n",
       "    </tr>\n",
       "    <tr>\n",
       "      <th>zipcode</th>\n",
       "      <td>-0.055619</td>\n",
       "      <td>-0.148339</td>\n",
       "      <td>-0.201454</td>\n",
       "      <td>-0.203761</td>\n",
       "      <td>-0.126091</td>\n",
       "      <td>-0.064479</td>\n",
       "      <td>0.023656</td>\n",
       "      <td>0.075834</td>\n",
       "      <td>0.003410</td>\n",
       "      <td>-0.187340</td>\n",
       "      <td>-0.264223</td>\n",
       "      <td>0.072077</td>\n",
       "      <td>-0.353613</td>\n",
       "      <td>0.066908</td>\n",
       "      <td>1.000000</td>\n",
       "      <td>-0.279658</td>\n",
       "      <td>-0.142375</td>\n",
       "    </tr>\n",
       "    <tr>\n",
       "      <th>sqft_living15</th>\n",
       "      <td>0.584829</td>\n",
       "      <td>0.376457</td>\n",
       "      <td>0.566076</td>\n",
       "      <td>0.758081</td>\n",
       "      <td>0.145285</td>\n",
       "      <td>0.289238</td>\n",
       "      <td>0.097196</td>\n",
       "      <td>0.292435</td>\n",
       "      <td>-0.080423</td>\n",
       "      <td>0.717835</td>\n",
       "      <td>0.726505</td>\n",
       "      <td>0.216220</td>\n",
       "      <td>0.326390</td>\n",
       "      <td>-0.003618</td>\n",
       "      <td>-0.279658</td>\n",
       "      <td>1.000000</td>\n",
       "      <td>0.185966</td>\n",
       "    </tr>\n",
       "    <tr>\n",
       "      <th>sqft_lot15</th>\n",
       "      <td>0.077960</td>\n",
       "      <td>0.018149</td>\n",
       "      <td>0.068722</td>\n",
       "      <td>0.163545</td>\n",
       "      <td>0.719922</td>\n",
       "      <td>-0.013269</td>\n",
       "      <td>0.028499</td>\n",
       "      <td>0.079904</td>\n",
       "      <td>0.002253</td>\n",
       "      <td>0.118618</td>\n",
       "      <td>0.185507</td>\n",
       "      <td>-0.007685</td>\n",
       "      <td>0.072152</td>\n",
       "      <td>-0.007260</td>\n",
       "      <td>-0.142375</td>\n",
       "      <td>0.185966</td>\n",
       "      <td>1.000000</td>\n",
       "    </tr>\n",
       "  </tbody>\n",
       "</table>\n",
       "</div>"
      ],
      "text/plain": [
       "                  price  bedrooms  bathrooms  sqft_living  sqft_lot    floors  \\\n",
       "price          1.000000  0.300777   0.527512     0.705044  0.094146  0.262955   \n",
       "bedrooms       0.300777  1.000000   0.506070     0.560989  0.028895  0.181042   \n",
       "bathrooms      0.527512  0.506070   1.000000     0.758930  0.079435  0.501899   \n",
       "sqft_living    0.705044  0.560989   0.758930     1.000000  0.162786  0.366219   \n",
       "sqft_lot       0.094146  0.028895   0.079435     0.162786  1.000000 -0.003543   \n",
       "floors         0.262955  0.181042   0.501899     0.366219 -0.003543  1.000000   \n",
       "waterfront     0.274953 -0.006803   0.061483     0.097203  0.029420  0.022443   \n",
       "view           0.399711  0.079863   0.182988     0.285735  0.099221  0.031938   \n",
       "condition      0.044754  0.036135  -0.115382    -0.047938 -0.008722 -0.265390   \n",
       "grade          0.665594  0.342305   0.660925     0.764819  0.115611  0.461545   \n",
       "sqft_above     0.611450  0.462514   0.692911     0.878989  0.180913  0.534801   \n",
       "sqft_basement  0.322369  0.301829   0.281433     0.435069 -0.000601 -0.242675   \n",
       "yr_built       0.051737  0.155102   0.499589     0.322723  0.054043  0.481926   \n",
       "yr_renovated   0.120439  0.018625   0.044756     0.043627  0.001219  0.013655   \n",
       "zipcode       -0.055619 -0.148339  -0.201454    -0.203761 -0.126091 -0.064479   \n",
       "sqft_living15  0.584829  0.376457   0.566076     0.758081  0.145285  0.289238   \n",
       "sqft_lot15     0.077960  0.018149   0.068722     0.163545  0.719922 -0.013269   \n",
       "\n",
       "               waterfront      view  condition     grade  sqft_above  \\\n",
       "price            0.274953  0.399711   0.044754  0.665594    0.611450   \n",
       "bedrooms        -0.006803  0.079863   0.036135  0.342305    0.462514   \n",
       "bathrooms        0.061483  0.182988  -0.115382  0.660925    0.692911   \n",
       "sqft_living      0.097203  0.285735  -0.047938  0.764819    0.878989   \n",
       "sqft_lot         0.029420  0.099221  -0.008722  0.115611    0.180913   \n",
       "floors           0.022443  0.031938  -0.265390  0.461545    0.534801   \n",
       "waterfront       1.000000  0.402725   0.024030  0.088039    0.064297   \n",
       "view             0.402725  1.000000   0.059969  0.258123    0.170286   \n",
       "condition        0.024030  0.059969   1.000000 -0.133313   -0.153713   \n",
       "grade            0.088039  0.258123  -0.133313  1.000000    0.756226   \n",
       "sqft_above       0.064297  0.170286  -0.153713  0.756226    1.000000   \n",
       "sqft_basement    0.082214  0.277021   0.189828  0.174216   -0.046926   \n",
       "yr_built        -0.027010 -0.056361  -0.357396  0.447817    0.426642   \n",
       "yr_renovated     0.101684  0.109750  -0.055525  0.013053    0.014654   \n",
       "zipcode          0.023656  0.075834   0.003410 -0.187340   -0.264223   \n",
       "sqft_living15    0.097196  0.292435  -0.080423  0.717835    0.726505   \n",
       "sqft_lot15       0.028499  0.079904   0.002253  0.118618    0.185507   \n",
       "\n",
       "               sqft_basement  yr_built  yr_renovated   zipcode  sqft_living15  \\\n",
       "price               0.322369  0.051737      0.120439 -0.055619       0.584829   \n",
       "bedrooms            0.301829  0.155102      0.018625 -0.148339       0.376457   \n",
       "bathrooms           0.281433  0.499589      0.044756 -0.201454       0.566076   \n",
       "sqft_living         0.435069  0.322723      0.043627 -0.203761       0.758081   \n",
       "sqft_lot           -0.000601  0.054043      0.001219 -0.126091       0.145285   \n",
       "floors             -0.242675  0.481926      0.013655 -0.064479       0.289238   \n",
       "waterfront          0.082214 -0.027010      0.101684  0.023656       0.097196   \n",
       "view                0.277021 -0.056361      0.109750  0.075834       0.292435   \n",
       "condition           0.189828 -0.357396     -0.055525  0.003410      -0.080423   \n",
       "grade               0.174216  0.447817      0.013053 -0.187340       0.717835   \n",
       "sqft_above         -0.046926  0.426642      0.014654 -0.264223       0.726505   \n",
       "sqft_basement       1.000000 -0.129559      0.063719  0.072077       0.216220   \n",
       "yr_built           -0.129559  1.000000     -0.228349 -0.353613       0.326390   \n",
       "yr_renovated        0.063719 -0.228349      1.000000  0.066908      -0.003618   \n",
       "zipcode             0.072077 -0.353613      0.066908  1.000000      -0.279658   \n",
       "sqft_living15       0.216220  0.326390     -0.003618 -0.279658       1.000000   \n",
       "sqft_lot15         -0.007685  0.072152     -0.007260 -0.142375       0.185966   \n",
       "\n",
       "               sqft_lot15  \n",
       "price            0.077960  \n",
       "bedrooms         0.018149  \n",
       "bathrooms        0.068722  \n",
       "sqft_living      0.163545  \n",
       "sqft_lot         0.719922  \n",
       "floors          -0.013269  \n",
       "waterfront       0.028499  \n",
       "view             0.079904  \n",
       "condition        0.002253  \n",
       "grade            0.118618  \n",
       "sqft_above       0.185507  \n",
       "sqft_basement   -0.007685  \n",
       "yr_built         0.072152  \n",
       "yr_renovated    -0.007260  \n",
       "zipcode         -0.142375  \n",
       "sqft_living15    0.185966  \n",
       "sqft_lot15       1.000000  "
      ]
     },
     "execution_count": 9,
     "metadata": {},
     "output_type": "execute_result"
    }
   ],
   "source": [
    "#Mean price variation using the number of bedrooms :\n",
    "train.corr()"
   ]
  },
  {
   "cell_type": "code",
   "execution_count": 490,
   "id": "ca64f815",
   "metadata": {},
   "outputs": [
    {
     "data": {
      "text/plain": [
       "<AxesSubplot:>"
      ]
     },
     "execution_count": 490,
     "metadata": {},
     "output_type": "execute_result"
    },
    {
     "data": {
